[gd_scene load_steps=4 format=3 uid="uid://main_scene"]

[ext_resource type="Script" path="res://scenes/main/main.gd" id="1_main"]
[ext_resource type="PackedScene" uid="uid://board_scene" path="res://scenes/board/board.tscn" id="2_board"]
[ext_resource type="PackedScene" uid="uid://hand_scene" path="res://scenes/hand/hand.tscn" id="3_hand"]

[node name="Main" type="Node3D"]
script = ExtResource("1_main")

[node name="Camera3D" type="Camera3D" parent="."]
transform = Transform3D(1, 0, 0, 0, 0.5, 0.866025, 0, -0.866025, 0.5, 0, 5.5, 4.5)
fov = 50.0

[node name="DirectionalLight3D" type="DirectionalLight3D" parent="."]
transform = Transform3D(1, 0, 0, 0, 0.707107, 0.707107, 0, -0.707107, 0.707107, 0, 5, 0)
shadow_enabled = true

[node name="AmbientLight" type="DirectionalLight3D" parent="."]
transform = Transform3D(1, 0, 0, 0, -0.707107, 0.707107, 0, -0.707107, -0.707107, 0, 3, 0)
light_color = Color(0.7, 0.75, 0.85, 1)
light_energy = 0.3

[node name="Board" parent="." instance=ExtResource("2_board")]

[node name="PlayerHand" parent="Board" instance=ExtResource("3_hand")]
